SplitterH.X=484.128021
SplitterH.Y=0.000000
SplitterH.Height=961.000000
ViewportType3=0
SplitterH.Width=20.000000
CameraSpeedScalar3=1.000000
SplitterV.X=0.000000
SplitterV.Width=984.000000
CameraSpeedScalar2=1.000000
SplitterV.Y=461.760498
SplitterV.Height=20.000000
PerspectiveCameraRotX2=0.000000
ShowFlag1=31
CameraSpeedSetting0=1
CameraSpeedScalar0=0.198000
GridSize0=10.000000
PerspectiveCameraRotY2=25.000000
PerspectiveCameraLocX0=4.771445
PerspectiveCameraLocY0=4.223227
PerspectiveCameraLocZ0=2.226700
ShowFlag3=31
CameraSpeedSetting2=1
PerspectiveCameraRotX0=0.000000
PerspectiveCameraLocX2=5.316952
PerspectiveCameraRotY0=20.999981
PerspectiveCameraRotZ0=-139.599960
PerspectiveCameraRotX3=0.000000
CameraSpeedSetting1=1
ShowFlag0=31
bMutiView=0
ViewMode0=0
ViewportType0=0
CameraSpeedScalar1=1.000000
GridSize1=10.000000
PerspectiveCameraRotY3=0.000000
PerspectiveCameraLocX1=0.000000
ScreenHeight=2
PerspectiveCameraLocY1=0.000000
PerspectiveCameraLocZ1=0.000000
CameraSpeedSetting3=1
ShowFlag2=31
PerspectiveCameraRotX1=0.000000
PerspectiveCameraLocX3=0.000000
PerspectiveCameraRotY1=0.000000
PerspectiveCameraRotZ1=0.000000
ViewMode1=0
ViewportType1=0
GridSize2=10.000000
PerspectiveCameraLocY2=5.387038
PerspectiveCameraLocZ2=3.720453
PerspectiveCameraRotZ2=-133.899948
ScreenWidth=2
ViewMode2=0
ViewportType2=0
GridSize3=10.000000
PerspectiveCameraLocY3=0.000000
PerspectiveCameraLocZ3=0.000000
PerspectiveCameraRotZ3=0.000000
ViewMode3=0
OrthoZoomSize=10.000000
ActiveViewportIndex=2
OrthoPivotX=0.000000
OrthoPivotY=0.000000
OrthoPivotZ=0.000000
